{
    "world_2_cam": {
        "222200042": [
            [
                0.6906242370605469,
                -0.020740635693073273,
                -0.7229163646697998,
                0.01847831904888153
            ],
            [
                0.17952647805213928,
                -0.9633850455284119,
                0.19914689660072327,
                -0.00860702246427536
            ],
            [
                -0.7005773186683655,
                -0.2673182487487793,
                -0.6616135835647583,
                1.1269524097442627
            ],
            [
                0.0,
                0.0,
                0.0,
                1.0
            ]
        ],
        "222200044": [
            [
                0.7161433696746826,
                -0.022924918681383133,
                -0.6975767016410828,
                -0.024431012570858
            ],
            [
                -0.2017187774181366,
                -0.9636063575744629,
                -0.17542007565498352,
                0.002234913408756256
            ],
            [
                -0.6681679487228394,
                0.2663402259349823,
                -0.6947047114372253,
                1.1858168840408325
            ],
            [
                0.0,
                0.0,
                0.0,
                1.0
            ]
        ],
        "222200046": [
            [
                0.89388507604599,
                -0.013537962920963764,
                -0.4480918049812317,
                0.00680898129940033
            ],
            [
                0.10020976513624191,
                -0.9682172536849976,
                0.2291577309370041,
                0.006427288055419922
            ],
            [
                -0.43695268034935,
                -0.24974380433559418,
                -0.8641183972358704,
                1.1994253396987915
            ],
            [
                0.0,
                0.0,
                0.0,
                1.0
            ]
        ],
        "222200040": [
            [
                0.8946834206581116,
                -0.010278437286615372,
                -0.446582555770874,
                0.00674012303352356
            ],
            [
                -0.1270056962966919,
                -0.9643288254737854,
                -0.23224838078022003,
                0.025563590228557587
            ],
            [
                -0.42826536297798157,
                0.2645072638988495,
                -0.8640745282173157,
                1.2534418106079102
            ],
            [
                0.0,
                0.0,
                0.0,
                1.0
            ]
        ],
        "222200036": [
            [
                0.966041624546051,
                -0.015731902793049812,
                -0.2579071819782257,
                -0.02152780443429947
            ],
            [
                0.04561099037528038,
                -0.9720879197120667,
                0.23014044761657715,
                -0.016627967357635498
            ],
            [
                -0.2543290853500366,
                -0.23408859968185425,
                -0.9383599162101746,
                1.2327196598052979
            ],
            [
                0.0,
                0.0,
                0.0,
                1.0
            ]
        ],
        "222200048": [
            [
                0.9688526391983032,
                0.008264425210654736,
                -0.24750018119812012,
                -0.025751560926437378
            ],
            [
                -0.05858895182609558,
                -0.9634182453155518,
                -0.2615196704864502,
                0.0041179358959198
            ],
            [
                -0.24060757458209991,
                0.26787474751472473,
                -0.9329261183738708,
                1.2903467416763306
            ],
            [
                0.0,
                0.0,
                0.0,
                1.0
            ]
        ],
        "220700191": [
            [
                0.9958441853523254,
                0.0011429375736042857,
                -0.0910666286945343,
                -0.020594380795955658
            ],
            [
                0.024119749665260315,
                -0.967526912689209,
                0.2516145408153534,
                -0.030180566012859344
            ],
            [
                -0.0878218412399292,
                -0.25276532769203186,
                -0.9635336399078369,
                1.1909407377243042
            ],
            [
                0.0,
                0.0,
                0.0,
                1.0
            ]
        ],
        "222200041": [
            [
                0.9952502846717834,
                -0.014874708838760853,
                -0.09620758146047592,
                -0.01676156371831894
            ],
            [
                -0.03908196836709976,
                -0.9661731719970703,
                -0.254915326833725,
                -0.017711378633975983
            ],
            [
                -0.08916141092777252,
                0.2574644684791565,
                -0.9621654152870178,
                1.2555108070373535
            ],
            [
                0.0,
                0.0,
                0.0,
                1.0
            ]
        ],
        "222200037": [
            [
                0.9954823851585388,
                0.0025145504623651505,
                0.09491319954395294,
                -0.021025866270065308
            ],
            [
                -0.02121223695576191,
                -0.9684918522834778,
                0.24813996255397797,
                -0.024791859090328217
            ],
            [
                0.09254655987024307,
                -0.24903225898742676,
                -0.9640633463859558,
                1.1880404949188232
            ],
            [
                0.0,
                0.0,
                0.0,
                1.0
            ]
        ],
        "222200038": [
            [
                0.9959654808044434,
                -0.015484286472201347,
                0.08839116990566254,
                -0.015827521681785583
            ],
            [
                0.01118501927703619,
                -0.9558987021446228,
                -0.2934831380844116,
                0.03300733119249344
            ],
            [
                0.08903737366199493,
                0.2932877242565155,
                -0.9518690705299377,
                1.266382098197937
            ],
            [
                0.0,
                0.0,
                0.0,
                1.0
            ]
        ],
        "222200047": [
            [
                0.9698162078857422,
                0.007875852286815643,
                0.24371011555194855,
                -0.003027521073818207
            ],
            [
                -0.050616540014743805,
                -0.971204400062561,
                0.23280858993530273,
                -0.018224328756332397
            ],
            [
                0.2385258823633194,
                -0.2381172478199005,
                -0.9414911866188049,
                1.2352153062820435
            ],
            [
                0.0,
                0.0,
                0.0,
                1.0
            ]
        ],
        "222200043": [
            [
                0.9675758481025696,
                0.0018005879828706384,
                0.2525746524333954,
                -0.005246438086032867
            ],
            [
                0.07186098396778107,
                -0.9606120586395264,
                -0.2684406340122223,
                0.022804319858551025
            ],
            [
                0.24214284121990204,
                0.27788686752319336,
                -0.9295943975448608,
                1.2966485023498535
            ],
            [
                0.0,
                0.0,
                0.0,
                1.0
            ]
        ],
        "222200049": [
            [
                0.8990163207054138,
                0.014795219525694847,
                0.43766525387763977,
                -0.026905909180641174
            ],
            [
                -0.10471812635660172,
                -0.9631702899932861,
                0.24766328930854797,
                -0.01354922354221344
            ],
            [
                0.4252104163169861,
                -0.26848480105400085,
                -0.8643564581871033,
                1.2003954648971558
            ],
            [
                0.0,
                0.0,
                0.0,
                1.0
            ]
        ],
        "222200039": [
            [
                0.8890810012817383,
                0.033760715276002884,
                0.45650339126586914,
                -0.027567964047193527
            ],
            [
                0.14219090342521667,
                -0.9683110117912292,
                -0.20531797409057617,
                0.006300643086433411
            ],
            [
                0.4351055920124054,
                0.24745489656925201,
                -0.8657073974609375,
                1.2512059211730957
            ],
            [
                0.0,
                0.0,
                0.0,
                1.0
            ]
        ],
        "222200045": [
            [
                0.6955049633979797,
                0.010904504917562008,
                0.7184386849403381,
                -0.03037930279970169
            ],
            [
                0.19077861309051514,
                -0.9667980670928955,
                -0.17001450061798096,
                -0.004750959575176239
            ],
            [
                0.6927312016487122,
                0.2553086578845978,
                -0.674493134021759,
                1.1922005414962769
            ],
            [
                0.0,
                0.0,
                0.0,
                1.0
            ]
        ],
        "221501007": [
            [
                0.7048806548118591,
                0.04480833187699318,
                0.7079092860221863,
                -0.02425324358046055
            ],
            [
                -0.16254013776779175,
                -0.9612442851066589,
                0.22268833220005035,
                -0.005899742245674133
            ],
            [
                0.6904520988464355,
                -0.27203235030174255,
                -0.670279324054718,
                1.132820963859558
            ],
            [
                0.0,
                0.0,
                0.0,
                1.0
            ]
        ]
    },
    "intrinsics": [
        [
            8187.7412109375,
            0.0,
            1099.62548828125
        ],
        [
            0.0,
            8187.8203125,
            1603.5435791015625
        ],
        [
            0.0,
            0.0,
            1.0
        ]
    ]
}